1000
0	11.89015233	-8.171642634e-13
1	11.75828703	1.872025557e-12
2	11.62340552	-1.939496755e-12
3	11.4860908	2.749158148e-12
4	11.34713331	2.007171581e-12
5	11.20734576	-3.649722041e-12
6	11.06741087	1.593918395e-14
7	10.92780478	2.702091914e-12
8	10.78879811	-5.392640208e-15
9	10.65050327	-2.452527828e-13
10	10.51292591	2.282126015e-12
11	10.37599375	1.392228034e-12
12	10.23956431	1.359198112e-12
13	10.10343435	-1.068360668e-12
14	9.967376785	-5.219626334e-13
15	9.83120903	4.711650862e-12
16	9.694869752	-1.401721327e-12
17	9.558464277	-3.069928958e-12
18	9.422245833	1.586896728e-12
19	9.286529462	1.207052633e-12
20	9.151571428	-3.232775458e-13
21	9.017469186	-1.190369153e-12
22	8.884130054	-3.818663347e-13
23	8.751324803	2.711318384e-12
24	8.618799877	1.20800758e-12
25	8.48639301	-1.106951749e-12
26	8.354097604	-2.025498131e-12
27	8.222048453	1.735756067e-13
28	8.090444441	2.003197317e-12
29	7.95945329	-1.11739999e-12
30	7.829149304	-1.094874482e-12
31	7.699511457	-1.385234453e-13
32	7.570473143	9.387126095e-13
33	7.441986038	2.970839194e-12
34	7.314056796	-7.460942421e-13
35	7.186735957	6.646990789e-13
36	7.060070752	4.495215e-12
37	6.93405737	4.784844718e-13
38	6.808628874	-5.385899407e-13
39	6.683692009	5.381405541e-14
40	6.559193536	6.790232795e-13
41	6.43517565	-4.932018857e-13
42	6.311782354	-9.768543043e-13
43	6.189206341	-3.655198941e-12
44	6.067600385	3.191993616e-12
45	5.947000628	-1.301423837e-12
46	5.82730579	-2.688455837e-13
47	5.708326793	8.798991272e-13
48	5.589883182	1.415792748e-12
49	5.471896358	-5.601605016e-13
50	5.354430562	1.994378103e-12
51	5.237660886	5.093685716e-12
52	5.121787383	-1.541621019e-12
53	5.006941996	-2.276817634e-12
54	4.89313818	1.128634657e-12
55	4.78028627	2.403544679e-12
56	4.66826136	2.496567723e-12
57	4.556981415	-2.463537802e-12
58	4.446450863	-8.938301144e-13
59	4.336747402	1.145823697e-12
60	4.227965074	1.429049655e-13
61	4.120152232	1.311422691e-12
62	4.0132844	5.79821169e-13
63	3.907289332	7.308150948e-13
64	3.802108132	-4.100653491e-13
65	3.697752666	7.942909639e-13
66	3.594320811	-1.21424282e-12
67	3.491955679	1.921352767e-12
68	3.390770053	2.332092197e-12
69	3.290779444	-7.35196615e-13
70	3.191885339	-2.544202711e-12
71	3.093922376	-1.721151e-13
72	2.996746623	1.094256575e-12
73	2.900317503	-3.773724679e-13
74	2.804727346	-2.153910376e-12
75	2.710161138	-1.340520478e-12
76	2.61680766	6.646429056e-13
77	2.524769327	-1.642283637e-12
78	2.434019492	-8.358592322e-13
79	2.344428612	1.471516697e-12
80	2.255842089	-6.974481335e-13
81	2.168165518	-1.474662403e-12
82	2.08141032	7.915946438e-13
83	1.995677234	4.141098293e-13
84	1.911091559	1.112232043e-13
85	1.82773133	3.444548933e-13
86	1.745590779	-1.888322846e-12
87	1.664599617	2.525553164e-13
88	1.584682694	2.282434968e-12
89	1.505821514	3.080995105e-12
90	1.428077109	-2.350517051e-12
91	1.351558747	1.519825765e-12
92	1.276356769	2.354112144e-12
93	1.202480695	7.021666937e-13
94	1.129842922	1.703624919e-12
95	1.058301475	1.620937769e-12
96	0.9877404721	-8.956276612e-13
97	0.918143074	3.970331353e-13
98	0.8496130746	-9.376453161e-13
99	0.7823307869	-3.181657723e-13
100	0.7164641967	-2.561504099e-14
101	0.6520839866	-1.64048609e-12
102	0.5891286816	-2.489602229e-13
103	0.5274394637	3.55262643e-12
104	0.4668452604	-1.562068114e-12
105	0.4072514121	-2.50578015e-12
106	0.3486839779	4.359949608e-12
107	0.291268006	1.21222058e-12
108	0.2351546283	-2.437473374e-12
109	0.1804406359	1.170652312e-13
110	0.1271256209	4.77023965e-13
111	0.07512839222	-1.103918389e-12
112	0.02434879487	-8.740571003e-14
113	-0.02526510412	-3.053133131e-12
114	-0.07368569064	4.078184157e-13
115	-0.1208288223	2.24019262e-12
116	-0.1666151135	9.717987041e-13
117	-0.2110297678	-1.856865778e-12
118	-0.2541418233	-1.268393916e-12
119	-0.2960676332	-2.684186663e-12
120	-0.3368989432	5.074474435e-12
121	-0.3766382471	-8.90909101e-13
122	-0.415182296	-4.360398995e-12
123	-0.4523676113	-9.291069691e-13
124	-0.4880557878	8.39679019e-13
125	-0.5222113917	-1.968313676e-13
126	-0.5549281109	-8.812472873e-13
127	-0.5863859136	-4.590484977e-13
128	-0.6167611734	1.758225401e-12
129	-0.6461375315	1.634194676e-12
130	-0.6744657902	-3.975274606e-12
131	-0.7015934687	2.364448038e-12
132	-0.7273466599	1.213119353e-12
133	-0.7516183637	4.49386684e-14
134	-0.7744156628	3.345459169e-12
135	-0.7958428764	8.605754998e-14
136	-0.8160348708	-1.399839521e-13
137	-0.8350811808	1.790805936e-12
138	-0.8529854203	2.839225069e-12
139	-0.8696804972	1.544317339e-12
140	-0.8850860239	-1.7278918e-13
141	-0.8991694389	-2.209859018e-12
142	-0.9119710581	1.962921036e-12
143	-0.923576968	2.208735552e-13
144	-0.9340569445	-2.586669753e-12
145	-0.9434075125	-3.066165345e-12
146	-0.9515389117	8.563063263e-13
147	-0.9583184473	9.787641977e-13
148	-0.9636488101	-2.925732006e-12
149	-0.967535815	9.95391505e-13
150	-0.9701039186	2.057516933e-12
151	-0.9715456407	3.741144144e-13
152	-0.9720287268	1.289290396e-12
153	-0.9716100179	1.759798254e-12
154	-0.9702036899	1.255586395e-12
155	-0.9676220434	1.537127153e-12
156	-0.9636689525	8.059750177e-13
157	-0.958236016	-3.828774547e-13
158	-0.9513524372	-3.011115476e-12
159	-0.9431640783	1.057406867e-12
160	-0.9338567979	1.552855686e-12
161	-0.9235679052	-4.320852966e-13
162	-0.9123328559	-8.387802456e-13
163	-0.9000918708	-5.95886743e-13
164	-0.8867451973	2.256819927e-12
165	-0.8722194501	9.819099045e-13
166	-0.8565045222	-1.579594194e-12
167	-0.8396413147	3.845177161e-12
168	-0.8216742659	-1.918431754e-12
169	-0.8026039233	-4.936512723e-13
170	-0.7823759864	4.426458837e-14
171	-0.7609179189	2.685085437e-13
172	-0.738202882	-4.693843914e-13
173	-0.7142994403	7.277817347e-13
174	-0.6893697186	-2.565997966e-13
175	-0.6636069929	1.075831721e-12
176	-0.6371406448	-1.732385667e-12
177	-0.6099587217	9.675295306e-13
178	-0.5818936672	3.452637893e-12
179	-0.5526867685	-5.051106328e-13
180	-0.5221037425	-1.265023515e-12
181	-0.4900469063	-5.518468479e-13
182	-0.456608816	-3.019878516e-13
183	-0.4220409911	5.406121808e-13
184	-0.3866537672	4.350063101e-13
185	-0.3506958108	-2.801476588e-12
186	-0.3142679449	1.714859586e-12
187	-0.277304494	7.118285074e-13
188	-0.2396185419	2.314790809e-12
189	-0.2009788478	-9.94043345e-13
190	-0.1611781478	9.455095831e-13
191	-0.1200699007	4.639917512e-12
192	-0.0775780254	1.493311951e-12
193	-0.03370440794	-1.207951407e-12
194	0.01144220872	-6.134128236e-13
195	0.05759473704	3.350627116e-12
196	0.1042805037	2.224464086e-13
197	0.150820076	-3.046841717e-13
198	0.1964040153	-9.787641977e-13
199	0.2402449543	8.241751784e-13
200	0.2817629433	1.824509937e-12
201	-1.782583288	-1.861809032e-12
202	-2.606635876	-9.68428304e-13
203	-1.675120285	4.884833255e-13
204	0.4980081033	2.758784853e-12
205	2.670894028	4.808437519e-14
206	3.601552184	-1.677111105e-12
207	2.775712599	1.027747346e-12
208	0.7083369835	1.564764434e-12
209	-1.357849268	1.359844106e-12
210	-2.180227425	-4.718560182e-14
211	-1.244178887	-2.08829992e-12
212	0.9354072684	1.968763063e-12
213	3.115659297	-1.549485286e-12
214	4.053681474	-1.788559002e-13
215	3.23454455	-1.583189288e-12
216	1.172877752	-1.144138497e-12
217	-0.8886010234	2.637899835e-13
218	-1.707025977	1.770583535e-13
219	-0.7673916281	-5.877977826e-13
220	1.415811448	-4.111888158e-13
221	3.600011736	1.024601639e-12
222	4.542447645	6.83966533e-13
223	3.728143043	-3.687667129e-12
224	1.671534667	9.738209442e-13
225	-0.3849273293	1.975054476e-12
226	-1.198637185	-2.234799979e-12
227	-0.2547697868	-1.616893289e-12
228	1.932126852	1.878436339e-13
229	4.119551451	8.385555523e-13
230	5.064909285	7.055370938e-14
231	4.253432548	1.092459029e-12
232	2.199744953	1.953933302e-12
233	0.1464106288	9.302304358e-13
234	-0.663951203	3.599587339e-13
235	0.283400438	2.729574718e-12
236	2.473766063	1.136049537e-12
237	4.664473102	1.21963546e-12
238	5.612785916	1.016063292e-12
239	4.803864651	1.052913001e-12
240	2.752346867	3.88270095e-13
241	0.7008874814	-1.624083476e-12
242	-0.1077565144	-1.377370186e-12
243	0.8412985226	3.821134974e-12
244	3.033459066	-1.858663325e-12
245	5.22609304	-2.473873695e-12
246	6.176431001	-3.410844931e-13
247	5.369537875	-1.713062039e-12
248	3.319924573	-2.184019284e-13
249	1.270125999	-1.352653919e-13
250	0.4628199544	-5.167946866e-13
251	1.412873228	-2.022240078e-14
252	3.605740325	1.466798137e-12
253	5.798885808	-5.752149555e-14
254	6.749655782	-5.194910067e-13
255	5.943215423	1.696434732e-12
256	3.894132093	3.779342012e-13
257	1.844938217	2.815856962e-12
258	1.038252746	-2.106275388e-12
259	1.988846005	-2.832933656e-12
260	4.182067597	1.061001961e-12
261	6.375299545	-5.78810049e-13
262	7.325851072	1.100547989e-12
263	6.518905974	-4.071892744e-12
264	4.469098764	-2.733619199e-12
265	2.419056909	4.204911202e-12
266	1.611494034	-2.139080616e-13
267	2.561247232	-1.188627779e-12
268	4.753686106	-7.805846701e-13
269	6.946161097	6.322870644e-13
270	7.895908833	-1.416916215e-12
271	7.088021279	1.775077402e-12
272	5.037049387	-2.379053105e-12
273	2.985569616	-5.698223153e-13
274	2.17629158	-9.437120364e-14
275	3.124095712	-1.073135401e-12
276	5.314429114	1.759798254e-12
277	7.504730721	5.100538863e-13
278	8.452310676	1.2048057e-12
279	7.642298356	9.607887303e-13
280	5.589235662	2.041563705e-12
281	3.535647002	-3.272433833e-12
282	2.724162754	6.511613051e-13
283	3.669580788	2.768221973e-12
284	5.857286583	-8.839436074e-13
285	8.044696465	-3.97078074e-12
286	8.989143254	-1.673516011e-12
287	8.175817441	-2.199298431e-12
288	6.119342328	2.075267707e-12
289	4.062320058	2.862593177e-13
290	3.247432573	-1.095155349e-12
291	4.189488251	5.028636994e-13
292	6.373839564	1.608804329e-13
293	8.55783642	1.507692325e-12
294	9.498731697	1.97730141e-14
295	8.681646419	-8.682150734e-13
296	6.621165167	8.223776317e-14
297	4.559893778	-1.402086454e-12
298	3.740559209	-8.978745946e-13
299	4.678043012	-4.911796456e-13
300	6.857777462	-5.97234903e-13
301	9.037175792	-5.720692487e-13
302	9.973519317	-1.46500059e-13
303	9.151914439	1.841137244e-12
304	7.086892765	1.975054476e-12
305	5.020984687	-4.552287109e-13
306	4.196841673	1.303221384e-13
307	5.129292381	-8.192319249e-13
308	7.303754573	5.783606623e-13
309	9.477669931	-4.435446571e-13
310	10.4083833	-1.003480465e-12
311	9.581081067	-3.037404597e-12
312	7.51036814	-1.403434614e-12
313	5.438820211	-1.176943725e-12
314	4.609092674	-1.441632482e-12
315	5.535975803	3.100768119e-13
316	7.704818102	-1.532408592e-12
317	9.872981778	4.57925031e-13
318	10.79774559	-2.961008861e-12
319	9.964263302	-1.879784499e-12
320	7.887150852	1.805635696e-12
321	5.809035838	1.108187563e-12
322	4.972651989	-7.068852539e-13
323	5.892871464	-1.324791944e-12
324	8.055104428	1.159417645e-13
325	10.21673642	9.931445716e-14
326	11.13502411	1.383436907e-12
327	10.29506034	-1.688795158e-12
328	8.211379122	-8.821460606e-13
329	6.126529604	-9.504528366e-13
330	5.283194105	2.00224237e-12
331	6.196236547	7.556437091e-13
332	8.351105326	-1.005278012e-12
333	10.50526022	9.33600836e-13
334	11.41604735	-2.817879202e-12
335	10.56863782	3.03762929e-12
336	8.477610025	-1.869448605e-13
337	6.385509924	1.766763748e-12
338	5.534969845	-2.256819927e-12
339	6.440771078	4.006282288e-13
340	8.588271262	7.53621469e-13
341	10.73485859	8.886621676e-13
342	11.63784867	-3.28771298e-12
343	10.78243378	1.37287632e-12
344	8.683260111	2.094141947e-13
345	6.582969483	-6.635643776e-12
346	5.724290474	-1.789907162e-12
347	6.622072678	1.99213117e-12
348	8.761693625	1.385908533e-12
349	10.90050589	-3.455558906e-12
350	11.79574383	-2.795409868e-12
351	10.93249606	1.078078655e-12
352	8.825313709	2.628912101e-13
353	6.716781107	-1.261653115e-12
354	5.849625695	2.019543758e-12
355	6.738754952	5.994818364e-13
356	8.869648103	-1.234914608e-12
357	10.99977473	-5.403874875e-13
358	11.88646729	9.464083565e-13
359	11.01486395	-3.507463068e-13
360	8.899500487	-3.123237454e-12
361	6.78288367	3.325686155e-12
362	5.907622409	-5.475776744e-13
363	6.788499235	-2.221318379e-12
364	8.910899698	-3.819786814e-13
365	11.03226125	1.930115808e-12
366	11.90995849	-1.345239038e-12
367	11.02923727	-3.671039821e-12
368	8.904777719	4.356354514e-12
369	6.779226092	4.651152179e-14
370	5.895283909	-1.254462928e-12
371	6.767749216	9.753937976e-13
372	8.881937413	1.994602797e-12
373	10.99514678	8.736077137e-13
374	11.86458251	7.378929351e-13
375	10.97534082	-6.367809312e-13
376	8.84201957	1.631273663e-13
377	6.707280353	1.058755027e-12
378	5.813940618	-2.84731403e-12
379	6.676987317	3.946738552e-12
380	8.781946053	5.95886743e-13
381	10.88628403	-2.202219445e-12
382	11.7472786	-2.006511544e-13
383	10.84997055	1.303221384e-13
384	8.708779447	-9.760678776e-13
385	6.566108814	-1.161889271e-12
386	5.66451042	-5.102785797e-13
387	6.518780821	-3.212890097e-12
388	8.614400803	1.151103991e-12
389	10.7089738	-2.292995555e-12
390	11.56007953	-8.98773368e-14
391	10.65315939	-2.100208668e-12
392	8.503021919	2.154584456e-12
393	6.352319966	7.313768282e-13
394	5.443599903	2.388714919e-12
395	6.291328011	3.307485994e-13
396	8.380328008	4.026504688e-13
397	10.46729505	-1.011120039e-14
398	11.30879465	-1.316478291e-12
399	10.38933676	6.462180516e-13
400	8.223076207	-1.056508094e-12
401	8.191769616	5.610592749e-13
402	8.156310258	6.936283467e-13
403	8.117271099	-9.457342764e-13
404	8.075432797	3.972578286e-13
405	8.031598292	2.906633072e-12
406	7.986440958	3.334673888e-12
407	7.940427613	3.340740609e-12
408	7.893819777	-5.060094062e-13
409	7.846720945	9.340502226e-13
410	7.799128038	-1.065046441e-13
411	7.750960337	1.782941669e-12
412	7.702066902	-1.141442177e-12
413	7.652236441	-2.361751718e-12
414	7.601233948	1.086392309e-12
415	7.548869003	-3.210643164e-12
416	7.495072775	-1.034937533e-12
417	7.43994321	-1.662281344e-12
418	7.383726456	5.120761264e-13
419	7.326730535	-4.50060764e-13
420	7.269205021	2.220644299e-12
421	7.211240799	-3.581611871e-13
422	7.152738828	-1.985165676e-12
423	7.093463756	2.201320671e-12
424	7.03315612	-3.099869346e-12
425	6.971647953	2.036395758e-12
426	6.908927047	8.363086189e-13
427	6.845123036	-3.19424055e-12
428	6.780429614	-4.932018857e-13
429	6.715009643	9.324773693e-15
430	6.648932777	-4.272543898e-13
431	6.58217352	5.990324497e-13
432	6.514661006	1.852147218e-12
433	6.446342891	-9.323650226e-13
434	6.377222019	7.441843487e-13
435	6.30734536	-1.831026044e-12
436	6.236756695	7.972119774e-13
437	6.165449064	-1.406580321e-13
438	6.093352588	1.248620901e-12
439	6.020371283	1.857876898e-12
440	5.946449389	-1.373101013e-12
441	5.871626763	3.188398523e-13
442	5.796045367	1.858663325e-12
443	5.719896004	2.579030179e-12
444	5.643329798	-9.892124381e-13
445	5.566381511	-2.242439553e-13
446	5.488948603	2.396354492e-13
447	5.410841006	1.946855462e-12
448	5.331877515	-1.446238696e-12
449	5.251979021	-1.679133345e-12
450	5.171209346	7.780006966e-13
451	5.089743549	-1.929891114e-12
452	5.007781716	2.017858558e-12
453	4.925456209	-1.911353914e-12
454	4.842780993	2.773165227e-12
455	4.759667154	-3.255581832e-12
456	4.675990774	-9.459589698e-14
457	4.591671078	-2.402645906e-12
458	4.506713876	2.569368366e-13
459	4.421198515	1.156047245e-12
460	4.335220927	-2.60228594e-12
461	4.248831505	-2.85843635e-12
462	4.162008113	8.138392847e-13
463	4.074681025	-2.618800901e-12
464	3.986794075	2.246708727e-12
465	3.898362069	-2.567121432e-12
466	3.809486034	5.413424342e-13
467	3.720312532	5.099415396e-13
468	3.630957916	-3.683622649e-12
469	3.541441507	3.033360117e-13
470	3.451668813	9.071431949e-13
471	3.361478729	-3.106385453e-13
472	3.270731796	2.258168087e-14
473	3.179392086	-4.928086723e-13
474	3.087556789	-9.309606892e-13
475	2.995416081	8.597890731e-13
476	2.903163903	3.085151932e-12
477	2.81090828	1.966291436e-12
478	2.718628265	1.502973765e-12
479	2.626200225	-2.065437373e-12
480	2.533475681	2.914216472e-12
481	2.440366591	1.765247068e-12
482	2.346890943	-7.340731483e-13
483	2.253156167	-1.014574699e-12
484	2.159294582	-1.554288107e-12
485	2.065391303	3.558299937e-13
486	1.971447942	-1.229353447e-12
487	1.877401709	-3.205840343e-12
488	1.783185287	-2.321166483e-12
489	1.688788097	1.287211983e-13
490	1.594279241	4.162163294e-13
491	1.499776419	3.02633845e-13
492	1.405378432	-1.98985615e-12
493	1.311103528	-1.467626693e-12
494	1.216873015	2.112889798e-12
495	1.122554007	-1.096208599e-12
496	1.028039955	-1.421627753e-12
497	0.9333233764	-1.630564474e-12
498	0.838517817	1.121240842e-12
499	0.7438133693	1.155854149e-13
500	0.6493880692	-2.63621661e-12
501	0.5553227691	-3.361336913e-12
502	0.4615663741	1.01238745e-12
503	0.3679706261	1.058137121e-12
504	0.2743751626	-7.784922133e-13
505	0.1806962143	3.63708304e-13
506	0.08697094005	-6.142975537e-13
508	-0.1000473094	6.553743052e-13
509	-0.1930693519	-1.075775548e-12
510	-0.2857192268	-6.264169508e-13
511	-0.3780662757	9.827525045e-14
512	-0.4701985331	-1.979520256e-12
513	-0.5621557522	1.039375227e-12
514	-0.6538979587	-2.418823827e-13
515	-0.7453284403	-3.342706675e-12
516	-0.8363551215	-7.174739276e-13
517	-0.9269504557	4.788636418e-12
518	-1.017170461	-2.479715722e-12
519	-1.107118351	7.582276825e-13
520	-1.196872642	7.780006966e-13
521	-1.286422385	1.501906471e-12
522	-1.375650774	3.154132788e-12
523	-1.46438068	-4.795517651e-13
524	-1.552459806	1.534487006e-12
525	-1.63983886	1.939665275e-12
526	-1.726597339	8.606878465e-13
527	-1.812901082	-2.408544106e-12
528	-1.898912062	-8.165917781e-13
529	-1.98469946	4.261870964e-13
530	-2.070199469	2.930562913e-13
531	-2.155244937	1.46668579e-13
532	-2.239647109	-4.511280574e-13
533	-2.323284012	-1.112400563e-12
534	-2.406147672	9.266915157e-13
535	-2.488327315	1.334509931e-12
536	-2.56994245	4.420841504e-13
537	-2.65106722	1.143689111e-12
538	-2.731689789	-9.154006753e-13
539	-2.811727466	-5.981336764e-13
540	-2.891084203	-6.493637583e-13
541	-2.969711598	3.257042339e-12
542	-3.047634127	1.164697938e-12
543	-3.124921917	-5.389269808e-13
544	-3.201628664	1.208962527e-12
545	-3.277734782	1.822487697e-12
546	-3.353134221	1.572965741e-12
547	-3.427678026	1.145037271e-12
548	-3.501252509	1.657562784e-12
549	-3.573847014	-8.533853129e-13
550	-3.645569438	2.823271842e-13
551	-3.71659574	-2.063358959e-12
552	-3.787076926	-1.613298195e-12
553	-3.857053187	2.831136109e-12
554	-3.92642181	2.114364348e-13
555	-3.994978323	-1.463540083e-12
556	-4.062509592	-1.56656198e-12
557	-4.128890326	1.917420634e-12
558	-4.194132657	2.813722375e-12
559	-4.258365348	-2.393208786e-12
560	-4.321757188	-7.445213887e-13
561	-4.384428295	8.629347799e-13
562	-4.446396936	2.236709873e-12
563	-4.507586081	-1.651159024e-12
564	-4.567878667	-2.654639489e-12
565	-4.62718406	2.877422938e-12
566	-4.685474722	-1.710590413e-12
567	-4.742774275	-4.651152179e-14
568	-4.799109696	-5.130872464e-13
569	-4.854464164	1.80518631e-12
570	-4.908765887	1.854955885e-12
571	-4.961924869	-2.215701045e-12
572	-5.013896872	6.265573841e-13
573	-5.064732971	1.106390016e-12
574	-5.114577709	1.552630993e-12
575	-5.163606993	3.843154921e-12
576	-5.211932655	-6.47790905e-13
577	-5.259525192	2.299286969e-12
578	-5.306199678	2.531395191e-12
579	-5.351679819	4.171207201e-12
580	-5.395713843	-1.155148471e-12
581	-5.438186667	3.771702439e-12
582	-5.479173387	2.640820848e-12
583	-5.518908032	6.259956508e-13
584	-5.557683568	-2.228957953e-13
585	-5.595731202	9.621368904e-13
586	-5.633134476	-1.338273545e-12
587	-5.669810285	-6.689120791e-13
588	-5.705554463	-2.033924132e-12
589	-5.740118459	8.621483532e-13
590	-5.773277759	-5.349948473e-13
591	-5.804868632	5.033130861e-13
592	-5.834797807	-9.78988891e-13
593	-5.863050099	2.803498828e-12
594	-5.889717153	1.557349553e-12
595	-5.915048984	-2.067178746e-13
596	-5.939501378	2.138855922e-12
597	-5.963736755	-1.606332702e-12
598	-5.988547786	-1.644755263e-13
599	-6.014704947	-9.34274916e-13
600	-6.042771538	-7.814834434e-13
601	-6.054951749	-1.209074873e-12
602	-6.069032178	-3.235584125e-14
603	-6.084440367	-5.46004821e-13
604	-6.100396588	-2.213004725e-12
605	-6.116099044	3.418933892e-12
606	-6.130876098	1.091110869e-12
607	-6.144262792	2.76597504e-13
608	-6.155999948	7.945156573e-13
609	-6.16598674	-3.954602819e-13
610	-6.174229247	-4.383767102e-13
611	-6.180811579	2.108297628e-12
612	-6.185888364	1.417814988e-13
613	-6.189675005	2.362650491e-12
614	-6.192410947	-1.348609439e-12
615	-6.194291352	1.716207746e-12
616	-6.19539024	2.67519893e-12
617	-6.195615036	1.669022144e-12
618	-6.194725529	8.201306983e-13
619	-6.19241982	2.317262436e-12
620	-6.188454875	3.63935806e-12
621	-6.182746677	-8.014811509e-13
622	-6.175401468	5.438252956e-12
623	-6.16666213	1.354676159e-12
624	-6.156796105	-9.367465428e-13
625	-6.145979522	1.659360331e-12
626	-6.134233168	2.275020088e-12
627	-6.121436379	1.494884804e-12
628	-6.107404671	-1.800467749e-12
629	-6.091984782	9.68428304e-13
630	-6.075117018	1.948091275e-13
631	-6.056837075	-1.786536762e-12
632	-6.037226409	-8.985486746e-13
633	-6.016348314	4.779227384e-13
634	-5.994211196	3.251312659e-13
635	-5.970779605	-2.549370658e-12
636	-5.94602167	5.842026892e-13
637	-5.919956591	9.194451554e-13
638	-5.892666757	-2.616104581e-12
639	-5.864261022	-3.321641675e-12
640	-5.834808286	3.28838706e-12
641	-5.804282191	1.996400344e-12
642	-5.772554577	-2.653853062e-12
643	-5.73944871	5.565654081e-13
644	-5.704827897	2.473424309e-12
645	-5.668672103	1.323443784e-12
646	-5.631098902	-1.307265864e-12
647	-5.592313628	5.603851949e-13
648	-5.55251312	3.014710569e-12
649	-5.511792444	4.075937224e-13
650	-5.470103919	4.246704164e-14
651	-5.427289015	1.471292003e-12
652	-5.383164418	3.586105738e-13
653	-5.337614835	3.433763652e-12
654	-5.290643701	1.842485404e-13
655	-5.242357451	-2.705532531e-12
656	-5.192898	-1.663404811e-12
657	-5.142364276	-6.102671168e-13
658	-5.090768917	2.265582967e-12
659	-5.038051328	1.998422584e-12
660	-4.984134537	8.920325677e-13
661	-4.928987379	4.07369029e-13
662	-4.872651521	1.73598076e-12
663	-4.815216459	2.784624587e-12
664	-4.756758399	-1.080550282e-12
665	-4.697282725	3.914158017e-13
666	-4.636708989	5.436904796e-12
667	-4.574911361	-1.738227694e-12
668	-4.511794517	6.268944241e-14
669	-4.447360316	1.746766041e-12
670	-4.381724761	3.20907031e-12
671	-4.315070674	-6.39252558e-13
672	-4.247559387	9.931445716e-14
673	-4.179248967	3.626101153e-12
674	-4.110064663	2.295467182e-12
675	-4.039838862	3.4557836e-13
676	-3.96840033	1.531509819e-12
677	-3.895664203	1.664977664e-12
678	-3.821674498	1.216040367e-12
679	-3.746578337	-7.307027481e-13
680	-3.670547811	9.136031285e-13
681	-3.593694721	3.760917158e-12
682	-3.516025109	1.438037389e-14
683	-3.437455725	-2.750695893e-12
684	-3.35787864	4.035941809e-12
685	-3.277233279	-1.853720071e-12
686	-3.19554269	-5.482517545e-14
687	-3.112894593	3.084590199e-12
688	-3.029381385	-2.888208218e-12
689	-2.945038875	-3.706541369e-12
690	-2.85982328	4.295687312e-12
691	-2.773642522	-9.34274916e-13
692	-2.68642345	5.091551129e-13
693	-2.598173614	-1.356249012e-12
694	-2.508997717	-1.020557159e-12
695	-2.419054804	1.054261161e-12
696	-2.328477647	1.304569544e-12
697	-2.237300095	-2.019094371e-12
698	-2.145435124	2.371862918e-12
699	-2.052719312	-3.219855591e-12
700	-1.959001322	-3.675983075e-13
701	-1.864227212	9.122549685e-14
702	-1.768475017	-1.779121882e-12
703	-1.671920115	-5.163452999e-12
704	-1.574750048	3.582510645e-12
705	-1.477075856	-2.610936634e-13
706	-1.378887741	6.336352244e-14
707	-1.280076942	2.381749425e-13
708	-1.18050844	5.954373563e-13
709	-1.080101522	4.199518562e-12
710	-0.9788725574	-3.81079908e-13
711	-0.876918576	6.385784779e-13
712	-0.7743555734	1.536003686e-12
713	-0.6712511424	1.481627897e-12
714	-0.5675932689	-7.531720823e-13
715	-0.4633132604	5.379158607e-13
716	-0.3583471215	-2.975389235e-12
717	-0.2526954157	8.56081633e-13
718	-0.1464422712	5.808772277e-12
719	-0.03971910116	1.22233178e-12
720	0.06736737875	-3.720921743e-12
721	0.1747998249	4.161320694e-12
722	0.282666816	2.982579422e-12
723	0.3911172209	3.137168441e-12
724	0.5002749845	-8.515877661e-13
725	0.6101611406	-1.270865542e-12
726	0.7206678714	9.814605178e-13
727	0.8316010187	-1.487469924e-12
728	0.9427703489	-7.756414165e-13
729	1.054078331	2.197500885e-13
730	1.165560512	-1.849226205e-12
731	1.277355814	-1.083021908e-13
732	1.389624703	-1.253339462e-12
733	1.502460949	-2.876074777e-13
734	1.61584433	-1.138296471e-12
735	1.729657506	-1.240307248e-13
736	1.843752862	1.39309872e-13
737	1.958028172	-2.126497789e-12
738	2.072467252	-2.724182078e-12
739	2.187124835	2.642393702e-13
740	2.302069129	-9.419144896e-13
741	2.417320574	-1.346362505e-12
742	2.532827005	-1.156721325e-12
743	2.648490605	9.127043552e-13
744	2.764230018	8.313653654e-14
745	2.88003729	3.262097939e-12
746	2.995990991	1.477583417e-12
747	3.112212716	4.188283895e-13
748	3.228788883	-2.336810757e-13
749	3.345702968	9.553960901e-13
750	3.462819954	1.356698399e-12
751	3.579936942	1.29018917e-12
752	3.696876016	-1.767437828e-12
753	3.813570285	6.785738928e-14
754	3.930095793	-6.444205048e-13
755	4.04663049	-3.141212921e-13
756	4.163361141	-1.136049537e-12
757	4.280386817	7.145248275e-13
758	4.397669226	-6.718330925e-13
759	4.515053595	1.333779678e-12
760	4.632345335	-1.820914843e-12
761	4.749398678	-1.456462243e-12
762	4.866169737	3.529033629e-12
763	4.982710222	1.846979271e-13
764	5.099111966	1.526566565e-12
765	5.215440523	-9.482059032e-13
766	5.331698501	1.101446762e-12
767	5.447837618	5.783606623e-13
768	5.563806357	-8.044021643e-13
769	5.67959715	2.110769255e-12
770	5.795257607	-1.208400793e-12
771	5.910853694	7.711475497e-13
772	6.026405891	-1.882480819e-12
773	6.141839513	-2.204241685e-12
774	6.256986525	-3.172669989e-13
775	6.37164795	-8.40353099e-14
776	6.485688799	9.482059032e-13
777	6.599115862	-1.386807307e-12
778	6.712091506	-4.430952704e-13
779	6.824869585	5.585876482e-13
780	6.937679731	6.646429056e-13
781	7.050615157	7.26658268e-13
782	7.163579047	-5.590370349e-13
783	7.276315862	9.082104883e-13
784	7.388511456	-6.943024267e-13
785	7.499913593	-5.055600195e-13
786	7.610417999	-1.092908415e-12
787	7.7200872	7.086828006e-13
788	7.829105172	-1.108636949e-12
789	7.937700426	-1.347710665e-12
790	8.046077706	8.614742732e-13
791	8.154381213	-5.666766085e-13
792	8.262684988	-1.541396326e-13
793	8.370985255	-3.042347851e-13
794	8.479171622	-8.578791797e-13
795	8.586975621	-1.213344047e-13
796	8.693923317	4.718560182e-13
797	8.799334289	-2.113914961e-12
798	8.902398349	-4.179296161e-14
799	9.002327618	-1.48117851e-12
800	9.098541727	-2.435675827e-13
801	9.208819716	-3.221203751e-12
802	9.315358458	2.41365588e-12
803	9.418714268	-1.377370186e-12
804	9.519650917	-1.802939376e-12
805	9.618954571	-9.733715575e-13
806	9.717281598	1.962471649e-12
807	9.815081923	-2.490501003e-12
808	9.912599997	2.974939848e-13
809	10.00992222	1.695985345e-12
810	10.10702843	1.467247523e-12
811	10.20382073	-2.691826237e-12
812	10.30013098	9.5269977e-13
813	10.39573065	1.833497671e-12
814	10.49036742	9.019190747e-13
815	10.58383361	-2.046057572e-12
816	10.67604298	1.586334994e-13
817	10.76707617	4.003136581e-12
818	10.85716189	-1.373775093e-12
819	10.94659078	-1.684750678e-12
820	11.03559492	3.473759067e-13
821	11.12424775	2.705757224e-12
822	11.21243282	-4.264679631e-13
823	11.29989729	1.522971472e-12
824	11.38636411	3.134921507e-12
825	11.47164795	-6.443755662e-12
826	11.55571906	2.85540299e-12
827	11.63868951	1.766089668e-12
828	11.72073562	-2.592961167e-12
829	11.80200269	-2.117510055e-12
830	11.88254288	-2.812261868e-12
831	11.96231328	1.72991404e-12
832	12.04122558	-6.066270847e-12
833	12.11920993	-1.785413295e-12
834	12.19625182	2.380625958e-12
835	12.27238075	1.554877927e-12
836	12.34762323	-7.054022778e-12
837	12.42195485	-2.399724892e-13
838	12.49528851	1.249294981e-13
839	12.56751089	-8.704620069e-13
840	12.638549	-4.550714255e-12
841	12.70842549	-8.122664313e-13
842	12.77726515	3.053582518e-13
843	12.8452417	-3.065266571e-12
844	12.91248916	-3.369276663e-12
845	12.97902523	3.572848831e-12
846	13.04473048	1.453091843e-12
847	13.10939784	-7.459818954e-14
848	13.17282932	-5.949879696e-13
849	13.23492892	4.400169716e-12
850	13.29574383	2.285131288e-13
851	13.35543235	-2.130092882e-13
852	13.41417802	-5.556666347e-13
853	13.47209663	-6.796973595e-13
854	13.52918568	-2.010780717e-12
855	13.58533989	1.693064332e-12
856	13.64041906	-6.182212611e-12
857	13.69432613	1.522297392e-12
858	13.74705081	-1.745867267e-12
859	13.79865636	2.541281698e-12
860	13.84922275	1.341419252e-12
861	13.89878454	1.919105834e-12
862	13.94730374	-1.480729124e-12
863	13.99469499	4.178846774e-12
864	14.0408865	8.441728859e-13
865	14.08587763	6.426229581e-14
866	14.12975403	-2.124924935e-12
867	14.17264688	-2.119532295e-12
868	14.21465747	2.432979507e-12
869	14.25579004	-5.394662448e-12
870	14.29593513	-1.213344047e-14
871	14.3349168	-4.83877112e-12
872	14.37258091	-9.978631318e-13
873	14.40887692	-2.743505706e-12
874	14.44388756	1.049767294e-12
875	14.47778861	-4.648905246e-13
876	14.51075989	-2.804846988e-12
877	14.54289521	-5.157161585e-12
878	14.57415979	-1.424555788e-13
879	14.60441609	-7.662042962e-14
880	14.63350198	-3.596441632e-12
881	14.66131587	-1.37220224e-12
882	14.68786231	1.384110987e-12
883	14.71323548	-1.766314361e-12
884	14.73755457	-3.614192406e-12
885	14.76089169	-3.458030533e-13
886	14.78323567	3.19761095e-12
887	14.80451106	-4.380396702e-12
888	14.82463796	-1.561394033e-12
889	14.84359343	-3.060772705e-12
890	14.86143439	3.774398759e-12
891	14.87826643	-1.242554181e-12
892	14.89417649	1.415568055e-14
893	14.9091711	-1.532408592e-13
894	14.92315998	2.350292357e-13
895	14.93599881	-1.749012974e-12
896	14.94756986	2.046956346e-12
897	14.95785454	1.56656198e-12
898	14.96695551	-3.377590317e-12
899	14.97505215	-2.816081655e-12
900	14.98231194	-2.312094489e-13
901	14.98880535	-1.362989813e-12
902	14.99447112	1.030443666e-12
903	14.99915093	-7.425440873e-12
904	15.00267465	2.386243292e-13
905	15.00494875	2.561953485e-12
906	15.00600103	-4.286250192e-12
907	15.00595841	4.305124433e-13
908	15.00497435	-1.545216113e-12
909	15.00314832	-3.174692229e-12
910	15.00048291	-5.727433287e-13
911	14.99690031	-2.50982463e-13
912	14.99230406	-3.470388667e-12
913	14.98664634	-1.018534919e-12
914	14.9799592	-3.310631701e-12
915	14.97233153	-2.421295453e-12
916	14.9638479	6.718330925e-14
917	14.95452848	-3.88741951e-12
918	14.94431016	1.877312872e-12
919	14.93308272	2.199073738e-12
920	14.92076095	-5.573518348e-12
921	14.90734923	-2.217723285e-13
922	14.892958	-6.913814133e-13
923	14.87775827	1.817769137e-12
924	14.86189644	-3.781813639e-12
925	14.84541608	-5.475776744e-13
926	14.8282321	-6.13772333e-12
927	14.8101735	3.956400366e-12
928	14.79107311	-2.619025594e-12
929	14.77085689	-3.056278838e-12
930	14.749584	-1.988536077e-13
931	14.72741713	-4.289283552e-12
932	14.70454076	2.164358617e-12
933	14.68107284	3.168063775e-12
934	14.65701755	-6.459933582e-13
935	14.63228209	-3.36467045e-12
936	14.60674349	-1.496457658e-12
937	14.58032447	-6.420612247e-13
938	14.55303392	2.425676973e-12
939	14.52495181	-2.581726499e-13
940	14.49617165	-3.138516601e-12
941	14.46673952	5.175811133e-13
942	14.43662889	-1.927981221e-12
943	14.40576775	-3.844840121e-12
944	14.37410075	-5.280293537e-15
945	14.3416461	2.840685576e-12
946	14.30850859	-2.270863261e-12
947	14.27483619	-5.325456898e-12
948	14.24074182	-4.128740159e-13
949	14.20623565	3.088072946e-12
950	14.17120935	-5.675753819e-13
951	14.13548692	-3.171434176e-12
952	14.09891741	2.782377654e-12
953	14.06146103	-2.413880573e-12
954	14.023221	-3.235584125e-14
955	13.98440256	-1.403884001e-12
956	13.94521982	-6.011670365e-13
957	13.90579934	-4.209742109e-12
958	13.86613036	-9.289946225e-13
959	13.82608577	-4.298495979e-12
960	13.78549867	3.431629066e-12
961	13.74425098	-3.464434293e-12
962	13.70232678	-2.335574943e-12
963	13.65980561	4.66497082e-12
964	13.61680728	2.16829075e-13
965	13.57342534	-2.225924592e-12
966	13.5296905	2.941011153e-12
967	13.48558258	-1.488986604e-12
968	13.44107817	-1.659753544e-12
969	13.3961979	-1.418994628e-12
970	13.35101759	-9.774160377e-15
971	13.30563148	-3.391745997e-12
972	13.2600883	-2.113858788e-12
973	13.21434161	-2.34107993e-12
974	13.16825173	-2.122060095e-12
975	13.12164795	-2.880343951e-12
976	13.07442359	1.137229177e-12
977	13.02661376	-9.42139183e-13
978	12.9784091	2.026509251e-12
979	12.93009179	-5.551554574e-12
980	12.88191975	1.687278478e-12
981	12.83401441	1.520387499e-12
982	12.78630724	-2.628743581e-12
983	12.7385709	-3.740161111e-12
984	12.69051946	-4.568858243e-13
985	12.64192877	1.556338433e-12
986	12.59272269	1.506400338e-12
987	12.54299181	-1.867089325e-12
988	12.49294813	-3.309592494e-12
989	12.44284812	4.690529687e-12
990	12.39292437	-1.066506948e-12
991	12.34334904	-7.61822776e-13
992	12.29422386	1.010277439e-13
993	12.24557273	-5.429574176e-13
994	12.19731294	1.671156731e-13
995	12.14920355	-1.075508725e-12
996	12.10079811	-1.591474855e-12
997	12.05144355	2.710110658e-12
998	12.00035696	1.823070495e-13
999	11.94677764	-3.239328429e-12
