_
0	0	4088.7400000000002	0.0
0	1	-95.48924552417833	-442.27141104746755
0	2	-44.47593222696042	-20.188071723222016
0	3	-95.13106808916342	60.563898846646865
0	4	-30.868761542541026	-150.12026925822903
0	5	-30.373975592247053	-63.63593783897298
0	6	19.228471559894206	-21.51951554834017
0	7	-37.43808793204532	-15.60736142202055
0	8	-26.336480233891653	47.42912653819333
0	9	-9.02570948697142	54.00917304769317
0	13	-28.099063546133795	-22.25847834379644
0	29	-11.186758040086351	-18.67993225310085
0	30	-18.49971637122491	-19.05819864987154
0	32	-22.109313987507203	4.715134007331621
0	34	1.1922299984586746	21.972583545407957
0	40	-23.688614613915128	2.3856501239184773
0	41	-28.944702277058095	25.654018523988444
0	42	-4.815395879594446	29.989103444250528
0	43	5.655372887545885	20.035801938112265
0	44	-57.125174315208994	-15.258543936928254
0	45	17.98431697331598	23.90517689779855
0	48	33.06969769153142	-33.31239773903999
0	49	85.46166435102772	32.932157923366034
1	0	301.72132056966353	-1208.6662572152347
1	1	-76.34835694883344	484.50488606721365
1	2	162.7496364042091	-147.66707923604056
1	3	77.00536582079768	-19.793591520395708
1	4	-12.31143119221965	158.965802301711
1	5	33.94942554522203	54.59808720196236
1	8	38.949532918214956	-52.623915369749085
1	9	31.68388381773668	-31.214086991477416
1	10	2.616983759814594	-36.429438355220576
1	11	23.59047813046168	-10.1747680985289
1	12	19.181724231842917	18.50644998517916
1	13	14.526650839073183	21.574283043221534
1	15	-20.313742404578836	6.863218350069924
1	19	8.726199065678188	-28.358862412378095
1	20	-4.744983187385947	-26.8856626981405
1	23	-8.471146388788032	21.249414679202143
1	34	-2.9468989707763247	-20.65285825557631
1	41	1.1995980176750431	25.458259163561504
1	45	48.073530880807866	-46.83262869229746
1	46	-37.863035252175834	67.39366684374907
1	47	-31.585337380234932	46.267897903771164
1	48	-9.874492373091702	29.225737323228955
1	49	68.63210285353402	69.37660834949656
2	0	48.83638824052361	-559.1814727371046
2	1	146.34737359245523	-133.2801705025217
2	2	-113.3124073103966	31.028517772432455
2	3	46.99101743774121	16.540251972614566
2	4	54.77364436986091	-91.92716612122638
2	5	-34.39716320655742	-80.45250974788188
2	6	24.57028815277143	10.116950415079069
2	7	33.064894595488866	-11.377509938799715
2	8	-9.486811383616766	-18.995897401761383
2	9	-10.54409384026699	-20.339725639157347
2	10	-26.42584600996979	-1.3403722006106973
2	11	-33.90976960823261	-15.496923869804212
2	13	-6.314261603578771	-21.088015589321305
2	19	-19.289051502293624	11.147792894244185
2	23	26.735537800792905	-16.824949801426325
2	24	10.269569959345151	-20.29713487873573
2	40	25.94306368079394	-8.945255389145247
2	41	19.048103521316932	-6.352451580263511
2	45	-10.625311778636663	-27.077810613969483
2	46	128.79385535989633	-55.63512829606576
2	47	14.247634806459676	25.581519415071536
2	48	-6.078193362636611	-55.811770989847965
2	49	-13.179444468082659	-165.89673266546518
3	0	-22.732554219035837	-220.65623899450006
3	1	-54.35745275887971	-73.56487329050785
3	2	-74.35046628051052	53.54438049163068
3	3	-11.947996625079515	-55.92778914689028
3	4	-66.48044289803678	30.88122429901781
3	5	-16.61438183000284	27.465526752326724
3	6	-25.373884359745293	-39.94540400952715
3	7	-24.16410452013924	-0.6405735870358094
3	8	-42.30722378636665	19.85979506175479
3	9	-27.86578904966837	45.7112619633408
3	10	-4.265122690861806	36.709076389950056
3	21	-9.894964073692815	-23.549308603033616
3	22	-21.015603092914347	-17.447210069004264
3	23	-36.89111728766038	-13.976228136855873
3	24	-36.19774590028545	3.8526949231613403
3	25	-31.7424327637896	11.635338924750128
3	33	-23.517947313222006	9.758604196858412
3	39	8.447505683466263	-22.06345536923613
3	40	-11.86689696782708	-20.514584655546205
3	44	-7.734791527286608	30.727554597598953
3	45	-29.602116492068426	18.304188745787428
3	46	-17.06220878506484	-46.857196680618266
3	47	47.409333245326714	-42.41001400647211
3	48	-60.04905311831787	-18.963452932216914
3	49	-71.38588509596441	40.06379238528077
4	0	69.03102281856806	-212.0602776272844
4	1	-40.461148675628195	63.431741885010595
4	2	30.854881437741323	46.573187657341606
4	3	-51.82821283121672	-38.925502189663625
4	4	19.870289552135144	48.17534645980267
4	5	-10.507891068501284	-25.88193328214523
4	6	-37.694520727483116	4.0036014857220605
4	7	-6.344589334514438	24.57091047756426
4	8	35.82256196664895	1.5710201057556115
4	9	48.17864904173436	-57.848484353275694
4	10	15.020871128091176	-41.78440172623725
4	11	-26.67932732394658	-6.873931697769187
4	21	-18.09463217351345	19.620540915574317
4	22	-20.101339376056014	25.06010527189617
4	23	6.183625017284725	33.72949711694393
4	24	30.251472385761954	13.231859208083495
4	25	28.322227649271127	-2.8581199814373752
4	26	18.129302464106935	-16.219129052818932
4	27	6.61248478101371	-26.600664119139985
4	28	-15.523917367955072	-18.201060142398855
4	36	-13.982282157595357	-15.784163537693326
4	37	-30.090897890262344	7.300895320230852
4	39	-20.590172944554503	4.949188866496327
4	40	-19.292948617089895	10.389468767306512
4	43	-17.233747591471364	-16.21242154843857
4	44	-11.569720072234967	-18.0348009175152
4	45	-11.243838566141823	24.61235698844107
4	46	-45.44540090761879	-31.029799326230634
4	47	-23.138722785806145	-34.11841041933153
4	48	-45.83540043362599	91.37855758515039
5	0	85.15086158116532	-166.2693394669142
5	1	21.05563591723225	21.884947495211154
5	2	-15.621736939757048	-20.72185976636848
5	3	-5.015975843814812	43.473781161574564
5	4	18.506651982649192	-29.904627850257853
5	5	-9.637234202568584	33.51405489559532
5	6	17.009160489541838	34.15338086470468
5	7	21.903213100494494	-13.505904264223092
5	8	-18.23147817660029	-22.58004848476753
5	9	-43.68587511896372	14.491067139179421
5	10	-10.885816092342353	17.626784272874104
5	13	-19.99854187036745	-4.358004335273324
5	14	-9.7993318572081	19.819841679189683
5	21	24.437706029341683	-0.20536945495039738
5	22	28.40718275412988	-2.913588785640292
5	23	14.16784413846889	-20.857003011538914
5	24	-5.552631409956529	-22.097781722148966
5	25	-26.83333354267527	-0.013413264302679124
5	26	-30.962119705757843	14.415043886491842
5	27	-19.117787015689334	18.139503036478906
5	28	-9.640141620455612	19.82920866935865
5	37	8.763019152512783	-18.137748194314717
5	41	-20.583547717952566	10.181016879594386
5	46	-29.212528564838216	32.104293253862764
5	47	1.4783894145148955	33.070066256279
5	48	65.93340152152363	35.51291701656812
6	0	55.297765510517934	-154.37541713292825
6	1	0.6472049953763527	-22.272298978449697
6	2	23.532289253914932	-2.550082866622999
6	4	-12.835306238636326	-21.187286683414666
6	5	22.485437605279202	15.296888732221351
6	6	19.593587023548377	-20.761125262441936
6	8	-16.825044078567363	19.666690716137527
6	20	-3.4637667002436667	-23.971882409393288
6	21	-14.686565226270332	-22.0295108643209
6	22	-20.48662143608112	-21.185000228622027
6	23	-28.726283902351774	0.5794607667905726
6	24	-17.019034174609455	13.704941050556263
6	26	16.018230564794273	12.576799726568602
6	27	20.86278202287703	-3.4921793804807453
6	35	-21.854927171199325	0.07742096125222254
6	46	9.378423555986	50.780988109772856
6	47	15.99378941515046	-30.34759352473162
6	48	29.36531671216189	-38.32322110785554
7	0	17.978192979977003	-135.4438120696873
7	4	-8.786532695312761	-19.71688208427828
7	6	-31.27598096154531	-0.796685653452524
7	8	41.40230503502486	-8.959941000055776
7	14	-15.851200676608913	16.660494037273804
7	19	-22.897530623046823	10.599752878293291
7	20	-15.45362166552857	24.464889504326443
7	21	-7.691649272672748	20.94610456765414
7	33	-20.624165712198497	15.315718709382937
7	45	34.11812539268573	-12.888887215821057
7	46	32.33304264960871	-22.911705665971002
7	47	-29.406233605395585	-24.2399540418191
7	48	-44.60565328586297	-41.65930300107963
8	0	41.79354517327082	-73.88414037384253
8	4	-21.871802807745148	10.880857543299582
8	6	2.862414606141519	25.638402590126304
8	11	3.2626161679906422	-26.781949511173057
8	45	-9.107165681267618	-21.09315805425092
8	46	-14.0687825966205	-19.748218168589947
8	47	-19.74629136924937	12.651725944687477
8	48	-15.514445308549085	21.41134337718366
8	49	-8.967539202473034	-24.198040822512848
9	0	35.03709761829604	-85.75232636292479
9	2	-10.012928603658704	18.39989476039703
9	3	-11.944874393626383	-21.54598321890902
9	7	-31.339506880946498	-4.484178035515545
9	19	-19.492707858982804	-7.772600612679428
9	44	-20.59842245286342	-16.21307030729271
9	45	-25.356179839099582	-8.226246641182824
9	46	-31.039560350294423	26.309491508079706
9	47	6.05905756296073	32.615572662810195
10	0	66.73189203644571	-89.13186644131154
10	1	-19.062765457988167	7.767021529150526
10	17	-18.63735415039529	-10.68613446875446
10	31	-9.416112329883516	-19.195325953927306
10	32	-23.63077479064901	-10.784704100361894
10	44	-19.855198629564285	18.60524137646175
10	45	-11.98318976462965	16.954698036807642
10	46	20.722493578187656	15.948781929358457
11	0	63.7785124545807	-67.99361723184539
11	5	-19.69857364990522	6.358729449339907
11	44	3.8013613836977944	20.743858167222747
11	46	14.84229907335415	-20.042012948818545
12	0	69.44660170250827	-55.96331015189518
12	6	-8.9972863106618	-21.78323734564597
12	46	-17.907134905205993	-10.498754253073962
13	0	59.21768304313746	-60.35523278270519
13	43	1.0165970378216376	-28.572833962396007
13	46	-21.754000042735193	-4.497796729495134
13	49	-21.058013581169895	0.4228939378422259
14	0	40.648835538484725	-46.00374481002553
14	2	-15.353981620894084	14.661687779735756
14	43	-25.25722210688592	-5.264449583606235
15	0	37.679138418842236	-35.270600409333625
16	0	55.80934094094809	-26.27801051534879
17	0	55.881286296465426	-30.38380907642954
18	0	54.65972758548046	-25.00539435494126
19	0	51.69130435322495	-19.08245281037327
20	0	54.09810796355804	-15.236104642827504
21	0	56.828836659361436	-12.97442361425319
22	0	57.53800187683508	-14.8716737994088
23	0	51.898320244370154	-16.3459940533144
24	0	47.23877061286806	-7.4303904109821
25	0	51.74	4.787377374458117e-12
26	0	47.23877061286788	7.430390411003914
27	0	51.8983202443225	16.345994053352005
28	0	57.538001876829895	14.871673799419666
29	0	56.82883665931929	12.974423614278027
30	0	54.098107963511865	15.236104642835128
31	0	51.691304353205936	19.08245281041439
32	0	54.65972758548997	25.00539435497666
33	0	55.88128629645985	30.383809076455556
34	0	55.80934094095148	26.278010515404198
35	0	37.679138418838406	35.27060040932931
35	7	-25.25722210690938	5.264449583587487
35	48	-15.353981620862925	-14.661687779756779
36	0	40.64883553848527	46.003744810065726
36	1	-21.05801358116901	-0.4228939378588132
36	4	-21.754000042745265	4.497796729462377
36	7	1.0165970378122564	28.572833962457608
37	0	59.21768304309895	60.35523278275522
37	4	-17.907134905217667	10.49875425307362
37	44	-8.997286310626627	21.783237345647734
38	0	69.44660170249732	55.96331015194251
38	4	14.842299073346304	20.042012948891408
38	6	3.80136138369732	-20.743858167233086
38	45	-19.69857364992643	-6.358729449339578
39	0	63.77851245453937	67.9936172318977
39	4	20.72249357819382	-15.948781929329154
39	5	-11.983189764610339	-16.95469803675072
39	6	-19.855198629539775	-18.605241376472943
39	18	-23.630774790638135	10.784704100310215
39	19	-9.416112329899766	19.195325953993763
39	33	-18.637354150446168	10.68613446870577
39	49	-19.062765457967437	-7.767021529083785
40	0	66.73189203640194	89.1318664413461
40	3	6.059057562911504	-32.61557266281749
40	4	-31.039560350267845	-26.30949150808957
40	5	-25.35617983907532	8.226246641145115
40	6	-20.59842245286447	16.21307030726279
40	31	-19.49270785892069	7.77260061276109
40	43	-31.339506880944032	4.48417803549864
40	47	-11.944874393665504	21.545983218904606
40	48	-10.012928603585623	-18.399894760384797
41	0	35.03709761831324	85.75232636299545
41	1	-8.967539202497342	24.198040822545963
41	2	-15.514445308612858	-21.411343377202872
41	3	-19.74629136922501	-12.651725944661411
41	4	-14.068782596651225	19.74821816855906
41	5	-9.107165681275722	21.093158054248445
41	39	3.2626161679417596	26.78194951121774
41	44	2.862414606156875	-25.638402590138394
41	46	-21.87180280772243	-10.880857543330338
42	0	41.79354517326087	73.8841403738314
42	2	-44.60565328591672	41.65930300112304
42	3	-29.406233605400885	24.239954041810957
42	4	32.33304264963758	22.91170566600083
42	5	34.118125392686295	12.88888721595226
42	17	-20.624165712200565	-15.315718709374105
42	29	-7.691649272728093	-20.94610456767397
42	30	-15.453621665577575	-24.464889504365097
42	31	-22.897530623027293	-10.599752878221114
42	36	-15.851200676587492	-16.660494037240095
42	42	41.40230503504919	8.959941000056324
42	44	-31.275980961560744	0.7966856534399704
42	46	-8.786532695321327	19.71688208427815
43	0	17.978192979973667	135.44381206966048
43	2	29.3653167121345	38.32322110787951
43	3	15.993789415127543	30.347593524703495
43	4	9.37842355602048	-50.7809881097718
43	15	-21.85492717119963	-0.07742096125620812
43	23	20.862782022889068	3.4921793804988313
43	24	16.018230564839605	-12.576799726554867
43	26	-17.019034174614898	-13.704941050614103
43	27	-28.726283902359278	-0.579460766790171
43	28	-20.486621436105047	21.185000228615987
43	29	-14.686565226285813	22.029510864311103
43	30	-3.4637667002670884	23.971882409375976
43	42	-16.825044078500074	-19.666690716116403
43	44	19.59358702358191	20.761125262408164
43	45	22.485437605265133	-15.29688873220818
43	46	-12.835306238632139	21.187286683426432
43	48	23.532289253893023	2.550082866663311
43	49	0.6472049953730351	22.272298978498085
44	0	55.29776551044154	154.37541713290065
44	2	65.93340152148524	-35.51291701649512
44	3	1.47838941448308	-33.070066256293025
44	4	-29.212528564829764	-32.10429325390673
44	9	-20.583547717943762	-10.181016879629391
44	13	8.763019152508082	18.13774819430929
44	22	-9.640141620490384	-19.829208669357634
44	23	-19.11778701570756	-18.139503036468177
44	24	-30.962119705742722	-14.415043886446856
44	25	-26.833333542451907	0.013413264135559757
44	26	-5.552631409973718	22.09778172210705
44	27	14.167844138472645	20.85700301155063
44	28	28.407182754084523	2.913588785566244
44	29	24.43770602938627	0.20536945495599562
44	36	-9.79933185721222	-19.81984167920694
44	37	-19.998541870374943	4.35800433528176
44	40	-10.88581609233033	-17.626784272970287
44	41	-43.68587511896943	-14.49106713919922
44	42	-18.231478176604586	22.580048484729872
44	43	21.903213100573463	13.505904264197683
44	44	17.009160489574878	-34.15338086470299
44	45	-9.637234202549646	-33.51405489559613
44	46	18.506651982566407	29.904627850258375
44	47	-5.015975843781553	-43.473781161557525
44	48	-15.621736939804439	20.721859766317653
44	49	21.05563591723428	-21.884947495154062
45	0	85.150861581104	166.26933946693487
45	2	-45.83540043358991	-91.37855758518063
45	3	-23.138722785809357	34.118410419330765
45	4	-45.445400907693404	31.029799326223813
45	5	-11.2438385661223	-24.61235698841684
45	6	-11.56972007228348	18.034800917554925
45	7	-17.233747591487433	16.21242154842202
45	10	-19.29294861706697	-10.389468767340729
45	11	-20.590172944563598	-4.94918886657198
45	13	-30.090897890285998	-7.300895320256786
45	14	-13.982282157773565	15.784163537950713
45	22	-15.523917367901907	18.201060142374384
45	23	6.612484781015033	26.600664119113496
45	24	18.129302464144054	16.21912905283421
45	25	28.32222764925562	2.85811998156627
45	26	30.251472385619863	-13.231859208106467
45	27	6.183625017276316	-33.72949711698289
45	28	-20.101339376106548	-25.06010527189278
45	29	-18.094632173509087	-19.620540915604998
45	39	-26.67932732393545	6.873931697709954
45	40	15.020871128100783	41.78440172623658
45	41	48.178649041719225	57.848484353308244
45	42	35.82256196664423	-1.5710201057447888
45	43	-6.344589334500317	-24.570910477586594
45	44	-37.69452072743035	-4.003601485739025
45	45	-10.507891068478703	25.881933282157622
45	46	19.87028955212285	-48.17534645974842
45	47	-51.82821283123667	38.925502189673615
45	48	30.854881437752397	-46.57318765734261
45	49	-40.46114867562098	-63.43174188501477
46	0	69.03102281848975	212.06027762735144
46	1	-71.38588509600132	-40.06379238532422
46	2	-60.049053118302936	18.963452932205882
46	3	47.40933324530969	42.41001400650776
46	4	-17.062208785053247	46.85719668059732
46	5	-29.60211649203786	-18.304188745825634
46	6	-7.734791527300188	-30.72755459762002
46	10	-11.866896967735098	20.51458465564144
46	11	8.447505683487968	22.063455369227114
46	17	-23.517947313240764	-9.758604196850605
46	25	-31.74243276374147	-11.635338924795146
46	26	-36.19774590029279	-3.852694923108363
46	27	-36.891117287672024	13.976228136817468
46	28	-21.01560309290439	17.447210068975917
46	29	-9.894964073741933	23.54930860300693
46	40	-4.265122690840339	-36.70907638995501
46	41	-27.86578904968074	-45.71126196332663
46	42	-42.30722378638303	-19.859795061723425
46	43	-24.16410452012217	0.640573587014423
46	44	-25.373884359764137	39.94540400953325
46	45	-16.614381829995665	-27.465526752309717
46	46	-66.48044289799353	-30.881224299023188
46	47	-11.947996625065604	55.92778914690682
46	48	-74.35046628051052	-53.544380491733385
46	49	-54.35745275888419	73.56487329054552
47	0	-22.73255421912282	220.6562389944927
47	1	-13.17944446810367	165.89673266543298
47	2	-6.078193362639387	55.81177098987186
47	3	14.24763480647633	-25.581519415101877
47	4	128.79385535990104	55.63512829605142
47	5	-10.625311778626537	27.077810613982606
47	9	19.04810352135761	6.3524515802479655
47	10	25.94306368078242	8.945255389168905
47	26	10.269569959284555	20.29713487878005
47	27	26.735537800760753	16.82494980143066
47	31	-19.289051502297312	-11.147792894600324
47	37	-6.314261603588634	21.088015589286666
47	39	-33.90976960823998	15.496923869826682
47	40	-26.425846009997016	1.3403722006424599
47	41	-10.544093840255119	20.33972563919983
47	42	-9.486811383568284	18.99589740160688
47	43	33.06489459553657	11.377509938785037
47	44	24.57028815276921	-10.116950415072264
47	45	-34.39716320659599	80.45250974790665
47	46	54.77364436984085	91.92716612122518
47	47	46.99101743772836	-16.54025197257237
47	48	-113.31240731036158	-31.028517772447596
47	49	146.34737359244045	133.28017050261656
48	0	48.836388240326386	559.1814727371657
48	1	68.63210285355613	-69.376608349528
48	2	-9.87449237309738	-29.225737323226383
48	3	-31.58533738024611	-46.267897903837685
48	4	-37.863035252181255	-67.39366684379051
48	5	48.073530880813635	46.83262869227606
48	9	1.1995980177226284	-25.458259163562875
48	16	-2.946898970709037	20.65285825552569
48	27	-8.471146388826547	-21.24941467919713
48	30	-4.744983187400434	26.885662698141946
48	31	8.726199065739399	28.35886241238065
48	35	-20.313742404611386	-6.863218350108845
48	37	14.526650839046667	-21.57428304316644
48	38	19.181724231858478	-18.506449985137845
48	39	23.590478130445046	10.174768098523812
48	40	2.6169837598690733	36.42943835519504
48	41	31.683883817719654	31.214086991473174
48	42	38.94953291822816	52.623915369757064
48	45	33.94942554526822	-54.59808720196802
48	46	-12.311431192165827	-158.96580230168783
48	47	77.00536582086897	19.793591520458385
48	48	162.749636404194	147.66707923606782
48	49	-76.34835694865863	-484.50488606713515
49	0	301.7213205692572	1208.6662572153598
49	1	85.46166435103231	-32.93215792346889
49	2	33.06969769146247	33.312397738996644
49	5	17.984316973282077	-23.90517689780896
49	6	-57.12517431521115	15.258543936952131
49	7	5.655372887557438	-20.03580193814026
49	8	-4.815395879586655	-29.989103444254635
49	9	-28.94470227704208	-25.65401852399379
49	10	-23.68861461388475	-2.3856501239266468
49	16	1.1922299984658664	-21.972583545426616
49	18	-22.109313987546166	-4.715134007327848
49	20	-18.499716371155404	19.058198649855242
49	21	-11.186758040061614	18.67993225310863
49	37	-28.09906354600857	22.258478343793254
49	41	-9.025709486896305	-54.009173047695626
49	42	-26.33648023385295	-47.42912653821987
49	43	-37.438087931995796	15.607361422041363
49	44	19.228471559928025	21.519515548384085
49	45	-30.373975592179367	63.635937838961844
49	46	-30.868761542502067	150.12026925821257
49	47	-95.1310680890126	-60.56389884671331
49	48	-44.47593222671535	20.18807172329019
49	49	-95.48924552391702	442.2714110473986
