1000	1.2635999883e-04
2000	2.7480999706e-04
3000	3.9059000264e-04
4000	5.6064999662e-04
5000	6.4804000140e-04
6000	7.8554999491e-04
7000	9.3272999802e-04
8000	1.0460000020e-03
9000	1.1875700031e-03
10000	1.3596500008e-03
11000	1.4887300058e-03
12000	1.6312199936e-03
13000	1.7811700061e-03
14000	1.9457200018e-03
15000	2.0985699957e-03
16000	2.3817400011e-03
17000	2.5461299985e-03
18000	2.6050999993e-03
19000	2.8368699946e-03
20000	2.8780400055e-03
21000	3.0561799969e-03
22000	3.2569000090e-03
23000	3.4394599963e-03
24000	3.5917499947e-03
25000	3.7389000005e-03
26000	3.8498800015e-03
27000	4.0129500005e-03
28000	4.2331099976e-03
29000	4.3763299996e-03
30000	4.5546900015e-03
31000	4.7484600014e-03
32000	4.8769600049e-03
33000	5.9317999956e-03
34000	5.3595400037e-03
35000	5.3120599972e-03
36000	5.5773500004e-03
37000	5.6688700017e-03
38000	5.8788399998e-03
39000	6.1055999977e-03
40000	6.1913900048e-03
41000	6.3886900025e-03
42000	6.5093800047e-03
43000	6.6459899972e-03
44000	6.8697300012e-03
45000	7.0488800004e-03
46000	7.1950799989e-03
47000	7.3744399968e-03
48000	7.5133400038e-03
49000	7.7404100011e-03
50000	7.8584700037e-03
51000	8.0426100001e-03
52000	8.2919999986e-03
53000	8.4093600017e-03
54000	8.6393699981e-03
55000	8.7521700014e-03
56000	8.9706199942e-03
57000	9.1260199959e-03
58000	9.3244400050e-03
59000	9.5169400040e-03
60000	9.6358800103e-03
61000	9.8901699937e-03
62000	9.9518999981e-03
63000	1.0179549994e-02
64000	1.0485020006e-02
65000	1.0554809999e-02
66000	1.0734260001e-02
67000	1.1117640001e-02
68000	1.1156129997e-02
69000	1.1210780003e-02
70000	1.1471140006e-02
71000	1.1729830006e-02
72000	1.1797270001e-02
73000	1.1972999995e-02
74000	1.2164140004e-02
75000	1.2375329994e-02
76000	1.2601920002e-02
77000	1.2681679998e-02
78000	1.3094039998e-02
79000	1.3060460004e-02
80000	1.3241279995e-02
81000	1.3537229996e-02
82000	1.3520369990e-02
83000	1.3673629996e-02
84000	1.3853150004e-02
85000	1.4081439996e-02
86000	1.4251490001e-02
87000	1.4366549996e-02
88000	1.4571970000e-02
89000	1.4855709998e-02
90000	1.4961139997e-02
91000	1.5458409998e-02
92000	1.5360400008e-02
93000	1.5592309993e-02
94000	1.5678290001e-02
95000	1.6043969998e-02
96000	1.6101280009e-02
97000	1.6530619998e-02
98000	1.6568180002e-02
99000	1.6821700006e-02
100000	1.7101280001e-02
101000	1.7214300003e-02
102000	1.7243019998e-02
103000	1.7584389998e-02
104000	1.7826420005e-02
105000	1.7738420001e-02
106000	1.8149279995e-02
107000	1.8296939999e-02
108000	1.8460569999e-02
109000	1.8804580002e-02
110000	1.8795019996e-02
111000	1.9023959996e-02
112000	1.9240750000e-02
113000	1.9466060001e-02
114000	1.9763899999e-02
115000	1.9706119996e-02
116000	2.0255020002e-02
117000	2.0318169994e-02
118000	2.0510400002e-02
119000	2.0507469994e-02
120000	2.0738849993e-02
121000	2.1129509996e-02
122000	2.1204380004e-02
123000	2.1377940002e-02
124000	2.1506710001e-02
125000	2.1882560002e-02
126000	2.1919190008e-02
127000	2.2139379993e-02
128000	2.2425020003e-02
129000	2.2677360001e-02
130000	2.2967170004e-02
131000	2.3122230000e-02
132000	2.3099829996e-02
133000	2.3479809999e-02
134000	2.3484129991e-02
135000	2.3685999998e-02
136000	2.3820509997e-02
137000	2.4275420001e-02
138000	2.4375760002e-02
139000	2.4397440004e-02
140000	2.4561629994e-02
141000	2.5070059998e-02
142000	2.5138280002e-02
143000	2.5189299998e-02
144000	2.5452260001e-02
145000	2.5569669995e-02
146000	2.5754529992e-02
147000	2.6064860000e-02
148000	2.6170360003e-02
149000	2.6316440006e-02
150000	2.6667099999e-02
151000	2.6856619996e-02
152000	2.6935749993e-02
153000	2.7096610001e-02
154000	2.7290749995e-02
155000	2.7790909994e-02
156000	2.7772669998e-02
157000	2.8150549994e-02
158000	2.8270909999e-02
159000	2.8604600002e-02
160000	2.8786079996e-02
161000	2.8959139998e-02
162000	2.9051530000e-02
163000	2.9185990003e-02
164000	2.9733670002e-02
165000	2.9671310005e-02
166000	2.9673209999e-02
167000	2.9923610005e-02
168000	3.0131839999e-02
169000	3.0318210006e-02
170000	3.0676200005e-02
171000	3.0807410000e-02
172000	3.1065550001e-02
173000	3.1312650000e-02
174000	3.1536930002e-02
175000	3.1571040000e-02
176000	3.1901729995e-02
177000	3.2036570000e-02
178000	3.2419060008e-02
179000	3.2396969991e-02
180000	3.2744659999e-02
181000	3.2850139998e-02
182000	3.3229149997e-02
183000	3.3124040000e-02
184000	3.3509290000e-02
185000	3.4013429994e-02
186000	3.4018210007e-02
187000	3.3957990003e-02
188000	3.4183440005e-02
189000	3.4607550001e-02
190000	3.4701970001e-02
191000	3.4705250006e-02
192000	3.5430520005e-02
193000	3.5153919997e-02
194000	3.5392420006e-02
195000	3.5743669997e-02
196000	3.5908480003e-02
197000	3.6009469992e-02
198000	3.6206790007e-02
199000	3.6531020000e-02
200000	3.6733390004e-02
201000	3.7083009997e-02
202000	3.7046449998e-02
203000	3.7251010002e-02
204000	3.7650079999e-02
205000	3.7751310001e-02
206000	3.8059980003e-02
207000	3.8071710008e-02
208000	3.8195120002e-02
209000	3.8441390000e-02
210000	3.8710850009e-02
211000	3.9003460002e-02
212000	3.9181829998e-02
213000	3.9296820000e-02
214000	3.9714409999e-02
215000	3.9630420000e-02
216000	3.9845750001e-02
217000	4.0125400003e-02
218000	4.0562520004e-02
219000	4.0542409997e-02
220000	4.0780789996e-02
221000	4.0895970003e-02
222000	4.1185609996e-02
223000	4.1536869999e-02
224000	4.1725550001e-02
225000	4.1750719995e-02
226000	4.1951630000e-02
227000	4.2317539995e-02
228000	4.2465690002e-02
229000	4.2595120007e-02
230000	4.2956010002e-02
231000	4.3213539995e-02
232000	4.3371760001e-02
233000	4.3676010004e-02
234000	4.4000360000e-02
235000	4.3943529998e-02
236000	4.4146460001e-02
237000	4.4263730003e-02
238000	4.4494340007e-02
239000	4.4891160002e-02
240000	4.4922640000e-02
241000	4.5195780002e-02
242000	4.5875929995e-02
243000	4.5805649998e-02
244000	4.5732070002e-02
245000	4.5998869999e-02
246000	4.6236749992e-02
247000	4.6600189994e-02
248000	4.6716219999e-02
249000	4.6840360001e-02
250000	4.7255699994e-02
251000	4.7496940003e-02
252000	4.7445290000e-02
253000	4.7690139996e-02
254000	4.8062859999e-02
255000	4.8234070005e-02
256000	4.8312019999e-02
257000	4.8543350003e-02
258000	4.8933859996e-02
259000	4.9097960000e-02
260000	4.8959759990e-02
261000	4.9308550000e-02
262000	4.9661659999e-02
263000	4.9565820000e-02
264000	4.9737909998e-02
265000	4.9996570000e-02
266000	5.0339860001e-02
267000	5.0438130001e-02
268000	5.0715900000e-02
269000	5.0781069999e-02
270000	5.0936640002e-02
271000	5.1389200005e-02
272000	5.1246489995e-02
273000	5.1544310004e-02
274000	5.1848930001e-02
275000	5.2071680003e-02
276000	5.2327969996e-02
277000	5.2443940006e-02
278000	5.2668570002e-02
279000	5.2821619998e-02
280000	5.3321550004e-02
281000	5.3717300002e-02
282000	5.3732710003e-02
283000	5.3868920001e-02
284000	5.3903840005e-02
285000	5.4082130003e-02
286000	5.4480529993e-02
287000	5.4665929996e-02
288000	5.4788650002e-02
289000	5.5084760004e-02
290000	5.5233369998e-02
291000	5.5423119996e-02
292000	5.5522920005e-02
293000	5.6261910000e-02
294000	5.6118940000e-02
295000	5.6258129995e-02
296000	5.6347240004e-02
297000	5.6961380001e-02
298000	5.6998740003e-02
299000	5.7391950002e-02
300000	5.7407320003e-02
301000	5.7503619997e-02
302000	5.7855250002e-02
303000	5.8166950004e-02
304000	5.8248729998e-02
305000	5.8927850003e-02
306000	5.8680509997e-02
307000	5.9350540006e-02
308000	5.9184250000e-02
309000	5.9405570003e-02
310000	5.9474809997e-02
311000	5.9640210005e-02
312000	5.9973619992e-02
313000	6.0360069998e-02
314000	6.0330849999e-02
315000	6.0664380001e-02
316000	6.0936499998e-02
317000	6.0902049998e-02
318000	6.1744569999e-02
319000	6.1402689994e-02
320000	6.1535829995e-02
321000	6.1743740004e-02
322000	6.1965530005e-02
323000	6.2173179997e-02
324000	6.2446880000e-02
325000	6.2653479996e-02
326000	6.2900180000e-02
327000	6.3111789990e-02
328000	6.3631090004e-02
329000	6.3504219995e-02
330000	6.3939110001e-02
331000	6.3987479996e-02
332000	6.4143270001e-02
333000	6.4368949999e-02
334000	6.4515440003e-02
335000	6.4938350004e-02
336000	6.5030440001e-02
337000	6.5328040000e-02
338000	6.5593929999e-02
339000	6.5715920003e-02
340000	6.5981109999e-02
341000	6.6154749997e-02
342000	6.6696179999e-02
343000	6.6725289999e-02
344000	6.6879810000e-02
345000	6.7184740002e-02
346000	6.7363599996e-02
347000	6.7345609999e-02
348000	6.8199980000e-02
349000	6.7836209998e-02
350000	6.8606480001e-02
351000	6.8388639999e-02
352000	6.8462839999e-02
353000	6.8959030000e-02
354000	6.8936480000e-02
355000	6.9076430000e-02
356000	6.9585489997e-02
357000	6.9756719997e-02
358000	6.9934050000e-02
359000	6.9961170002e-02
360000	7.0274019998e-02
361000	7.0375109997e-02
362000	7.0551870001e-02
363000	7.0858720000e-02
364000	7.1127829995e-02
365000	7.1336310002e-02
366000	7.1937929999e-02
367000	7.1584399999e-02
368000	7.1959609998e-02
369000	7.2550569999e-02
370000	7.2732390004e-02
371000	7.2650679993e-02
372000	7.2915019991e-02
373000	7.3477670003e-02
374000	7.3439539998e-02
375000	7.3962240005e-02
376000	7.3771500002e-02
377000	7.4139970003e-02
378000	7.4152549994e-02
379000	7.4480359996e-02
380000	7.4667100006e-02
381000	7.5141450003e-02
382000	7.5621910000e-02
383000	7.5317169999e-02
384000	7.5521539999e-02
385000	7.5881750000e-02
386000	7.6217100001e-02
387000	7.5939369999e-02
388000	7.6321530007e-02
389000	7.6862950003e-02
390000	7.7324919993e-02
391000	7.7435739990e-02
392000	7.7876170003e-02
393000	7.7906379994e-02
394000	7.8061500003e-02
395000	7.8702459997e-02
396000	7.8789559996e-02
397000	7.8698679994e-02
398000	7.9227549999e-02
399000	7.9410850003e-02
400000	7.9769930008e-02
401000	7.9678330006e-02
402000	7.9738039995e-02
403000	8.0304219996e-02
404000	8.0234299999e-02
405000	8.0804620005e-02
406000	8.0757569996e-02
407000	8.1420400005e-02
408000	8.1446460003e-02
409000	8.1479889996e-02
410000	8.1620479998e-02
411000	8.1859150002e-02
412000	8.2394509995e-02
413000	8.2488859998e-02
414000	8.2675879999e-02
415000	8.2843680002e-02
416000	8.3033100003e-02
417000	8.3459109999e-02
418000	8.3579199994e-02
419000	8.3746600003e-02
420000	8.3850680001e-02
421000	8.4482620002e-02
422000	8.4623149995e-02
423000	8.4744859996e-02
424000	8.4856430002e-02
425000	8.4984780010e-02
426000	8.5590429997e-02
427000	8.5597820007e-02
428000	8.5808100001e-02
429000	8.5957230002e-02
430000	8.6224570006e-02
431000	8.6593829998e-02
432000	8.6965799995e-02
433000	8.6927100003e-02
434000	8.7209879997e-02
435000	8.7301980000e-02
436000	8.7766480001e-02
437000	8.7772980001e-02
438000	8.9021079993e-02
439000	8.8425269999e-02
440000	8.8436920007e-02
441000	8.8704499998e-02
442000	8.9096309996e-02
443000	8.9174309996e-02
444000	8.9800999998e-02
445000	9.0564800004e-02
446000	8.9862019997e-02
447000	9.0461480001e-02
448000	9.0704559995e-02
449000	9.0473949999e-02
450000	9.1027940006e-02
451000	9.0932949999e-02
452000	9.1180300002e-02
453000	9.1417229999e-02
454000	9.1757369999e-02
455000	9.1953849996e-02
456000	9.2029030001e-02
457000	9.2196400001e-02
458000	9.2832460004e-02
459000	9.2725430004e-02
460000	9.3329810002e-02
461000	9.3262349992e-02
462000	9.3764869997e-02
463000	9.3761800000e-02
464000	9.4133160001e-02
465000	9.4285410002e-02
466000	9.4646269997e-02
467000	9.4519029997e-02
468000	9.4807389993e-02
469000	9.5310749998e-02
470000	9.5498050001e-02
471000	9.5482369998e-02
472000	9.5904010005e-02
473000	9.6059500001e-02
474000	9.6336879997e-02
475000	9.6575439995e-02
476000	9.6629420004e-02
477000	9.7269670002e-02
478000	9.7156830007e-02
479000	9.7390330004e-02
480000	9.8088930000e-02
481000	9.8292820001e-02
482000	9.8021180005e-02
483000	9.8301739997e-02
484000	9.8561079998e-02
485000	9.8917359993e-02
486000	9.9558390005e-02
487000	9.9345920002e-02
488000	9.9837699998e-02
489000	1.0005351000e-01
490000	1.0033304999e-01
491000	1.0034273000e-01
492000	1.0039491000e-01
493000	1.0093820000e-01
494000	1.0083261000e-01
495000	1.0104756000e-01
496000	1.0121433000e-01
497000	1.0251785000e-01
498000	1.0194841000e-01
499000	1.0210264999e-01
500000	1.0249249000e-01
501000	1.0229646000e-01
502000	1.0279993000e-01
503000	1.0294847000e-01
504000	1.0295243000e-01
505000	1.0397983000e-01
506000	1.0353386000e-01
507000	1.0438241999e-01
508000	1.0401353000e-01
509000	1.0414512000e-01
510000	1.0426106000e-01
511000	1.0517407000e-01
512000	1.0540160000e-01
513000	1.0524802000e-01
514000	1.0579899000e-01
515000	1.0630913000e-01
516000	1.0630801000e-01
517000	1.0619049000e-01
518000	1.0653425000e-01
519000	1.0678059000e-01
520000	1.0727742000e-01
521000	1.0726476000e-01
522000	1.0777406000e-01
523000	1.0784572000e-01
524000	1.0786418001e-01
525000	1.0813835000e-01
526000	1.0850758000e-01
527000	1.0903976000e-01
528000	1.0900577001e-01
529000	1.0915000999e-01
530000	1.0941205000e-01
531000	1.0936549999e-01
532000	1.0978256000e-01
533000	1.0980539000e-01
534000	1.1071632000e-01
535000	1.1112230000e-01
536000	1.1069653000e-01
537000	1.1074805000e-01
538000	1.1115105000e-01
539000	1.1121910000e-01
540000	1.1190628000e-01
541000	1.1215015000e-01
542000	1.1313183000e-01
543000	1.1227573000e-01
544000	1.1250838000e-01
545000	1.1336588000e-01
546000	1.1302377000e-01
547000	1.1324904000e-01
548000	1.1379129000e-01
549000	1.1433250000e-01
550000	1.1383837000e-01
551000	1.1461941999e-01
552000	1.1428974000e-01
553000	1.1427373000e-01
554000	1.1478555000e-01
555000	1.1476197001e-01
556000	1.1555562999e-01
557000	1.1531363000e-01
558000	1.1604399000e-01
559000	1.1610955000e-01
560000	1.1607498000e-01
561000	1.1624668000e-01
562000	1.1661121000e-01
563000	1.1708277001e-01
564000	1.1740752000e-01
565000	1.1711340000e-01
566000	1.1794637000e-01
567000	1.1759477000e-01
568000	1.1788084999e-01
569000	1.1806832001e-01
570000	1.1814523000e-01
571000	1.1839478000e-01
572000	1.1875060000e-01
573000	1.1921827000e-01
574000	1.1879480999e-01
575000	1.1956464000e-01
576000	1.2006307000e-01
577000	1.1975018000e-01
578000	1.2070637000e-01
579000	1.2052503000e-01
580000	1.2057573999e-01
581000	1.2094362000e-01
582000	1.2171268000e-01
583000	1.2163629000e-01
584000	1.2200899001e-01
585000	1.2187386000e-01
586000	1.2184908000e-01
587000	1.2196851000e-01
588000	1.2255499000e-01
589000	1.2267232000e-01
590000	1.2327500000e-01
591000	1.2277554000e-01
592000	1.2359964000e-01
593000	1.2340770000e-01
594000	1.2349526000e-01
595000	1.2389803000e-01
596000	1.2472372000e-01
597000	1.2432327000e-01
598000	1.2518294000e-01
599000	1.2522305000e-01
600000	1.2539327001e-01
601000	1.2553950999e-01
602000	1.2572310999e-01
603000	1.2602499000e-01
604000	1.2601291001e-01
605000	1.2627185000e-01
606000	1.2689979000e-01
607000	1.2675839000e-01
608000	1.2691059000e-01
609000	1.2739429000e-01
610000	1.2760896001e-01
611000	1.2791834000e-01
612000	1.2777172999e-01
613000	1.2820553000e-01
614000	1.2831504001e-01
615000	1.2893372000e-01
616000	1.2894875000e-01
617000	1.2879154000e-01
618000	1.2919264000e-01
619000	1.2931119000e-01
620000	1.2994487000e-01
621000	1.2972400000e-01
622000	1.3022899000e-01
623000	1.3063515000e-01
624000	1.3076296000e-01
625000	1.3111731001e-01
626000	1.3125772999e-01
627000	1.3176703000e-01
628000	1.3219594999e-01
629000	1.3169947000e-01
630000	1.3270404999e-01
631000	1.3216364000e-01
632000	1.3257616000e-01
633000	1.3286086000e-01
634000	1.3318883000e-01
635000	1.3301119000e-01
636000	1.3318987001e-01
637000	1.3395074999e-01
638000	1.3366481000e-01
639000	1.3475246000e-01
640000	1.3445019000e-01
641000	1.3441322000e-01
642000	1.3468799001e-01
643000	1.3480863000e-01
644000	1.3530915000e-01
645000	1.3561332000e-01
646000	1.3580447000e-01
647000	1.3573903000e-01
648000	1.3621513000e-01
649000	1.3647820000e-01
650000	1.3725368000e-01
651000	1.3718513000e-01
652000	1.3689401999e-01
653000	1.3756496000e-01
654000	1.3774246000e-01
655000	1.3763663999e-01
656000	1.3825104000e-01
657000	1.3819734000e-01
658000	1.3874153000e-01
659000	1.3835278000e-01
660000	1.3936604000e-01
661000	1.3905740000e-01
662000	1.3952270000e-01
663000	1.4010555000e-01
664000	1.4045200000e-01
665000	1.4034363000e-01
666000	1.4054646000e-01
667000	1.4036597000e-01
668000	1.4039387000e-01
669000	1.4104575000e-01
670000	1.4096797000e-01
671000	1.4110300000e-01
672000	1.4213874000e-01
673000	1.4202037001e-01
674000	1.4222521000e-01
675000	1.4232400999e-01
676000	1.4277113000e-01
677000	1.4269813000e-01
678000	1.4317892000e-01
679000	1.4371735000e-01
680000	1.4366315000e-01
681000	1.4346860000e-01
682000	1.4411613000e-01
683000	1.4404322001e-01
684000	1.4475162000e-01
685000	1.4484283000e-01
686000	1.4500840000e-01
687000	1.4505618000e-01
688000	1.4581108000e-01
689000	1.4597395000e-01
690000	1.4635547000e-01
691000	1.4637297000e-01
692000	1.4631907000e-01
693000	1.4649428000e-01
694000	1.4689613000e-01
695000	1.4717341001e-01
696000	1.4734082000e-01
697000	1.4794128000e-01
698000	1.4768849000e-01
699000	1.4823768001e-01
700000	1.4847685000e-01
701000	1.4870326000e-01
702000	1.4873878000e-01
703000	1.4991917001e-01
704000	1.4946076001e-01
705000	1.4947287001e-01
706000	1.5001575000e-01
707000	1.5001026000e-01
708000	1.5058922000e-01
709000	1.5078830000e-01
710000	1.5112312000e-01
711000	1.5086377000e-01
712000	1.5075182999e-01
713000	1.5103765000e-01
714000	1.5141520000e-01
715000	1.5186618000e-01
716000	1.5216482000e-01
717000	1.5272342000e-01
718000	1.5293711000e-01
719000	1.5249794000e-01
720000	1.5289062000e-01
721000	1.5336060000e-01
722000	1.5326840999e-01
723000	1.5352294000e-01
724000	1.5460640000e-01
725000	1.5403530000e-01
726000	1.5407269000e-01
727000	1.5460938000e-01
728000	1.5486986000e-01
729000	1.5493030000e-01
730000	1.5553147000e-01
731000	1.5548002000e-01
732000	1.5574875000e-01
733000	1.5591699000e-01
734000	1.6357672000e-01
735000	1.5688697000e-01
736000	1.5752214000e-01
737000	1.5745073000e-01
738000	1.5825062000e-01
739000	1.5798260000e-01
740000	1.5782891999e-01
741000	1.5804480000e-01
742000	1.5804925000e-01
743000	1.5861398999e-01
744000	1.5889358000e-01
745000	1.5906471000e-01
746000	1.5997961000e-01
747000	1.5974288000e-01
748000	1.6005908000e-01
749000	1.6049798000e-01
750000	1.6015379999e-01
751000	1.6053439000e-01
752000	1.6050683000e-01
753000	1.6219662000e-01
754000	1.6094076000e-01
755000	1.6131594000e-01
756000	1.6177057999e-01
757000	1.6191125000e-01
758000	1.6245646001e-01
759000	1.6222199000e-01
760000	1.6301226000e-01
761000	1.6342002000e-01
762000	1.6421856000e-01
763000	1.6787557000e-01
764000	1.6469059000e-01
765000	1.6611184000e-01
766000	1.6495211001e-01
767000	1.6489839000e-01
768000	1.6476681000e-01
769000	1.6471795000e-01
770000	1.6529753000e-01
771000	1.6496453000e-01
772000	1.6559226000e-01
773000	1.6559779000e-01
774000	1.6557306999e-01
775000	1.6564473000e-01
776000	1.6619326000e-01
777000	1.6674184000e-01
778000	1.6743153999e-01
779000	1.6722622000e-01
780000	1.6807792000e-01
781000	1.6808705000e-01
782000	1.6814309000e-01
783000	1.6807399000e-01
784000	1.6907258001e-01
785000	1.6932569000e-01
786000	1.6958156000e-01
787000	1.6890978000e-01
788000	1.7007728000e-01
789000	1.6944799000e-01
790000	1.6955214000e-01
791000	1.6983610000e-01
792000	1.7050457000e-01
793000	1.7010150000e-01
794000	1.7007205999e-01
795000	1.7078365000e-01
796000	1.7122512000e-01
797000	1.7268226000e-01
798000	1.7187712999e-01
799000	1.7238795000e-01
800000	1.7259731000e-01
801000	1.7217451000e-01
802000	1.7268103999e-01
803000	1.7272080001e-01
804000	1.7314092000e-01
805000	1.7338760000e-01
806000	1.7349444000e-01
807000	1.7405497000e-01
808000	1.7414137000e-01
809000	1.7465815000e-01
810000	1.7464289999e-01
811000	1.7482270000e-01
812000	1.7495381999e-01
813000	1.7542721001e-01
814000	1.7514829000e-01
815000	1.7545657000e-01
816000	1.7558385000e-01
817000	1.7662402000e-01
818000	1.7705454000e-01
819000	1.7740015000e-01
820000	1.7662409999e-01
821000	1.7762995000e-01
822000	1.7702932999e-01
823000	1.7769440000e-01
824000	1.7777823000e-01
825000	1.7802693000e-01
826000	1.7838880000e-01
827000	1.7918503000e-01
828000	1.7846235000e-01
829000	1.7902323000e-01
830000	1.7895660000e-01
831000	1.7954915000e-01
832000	1.8013145000e-01
833000	1.8015036001e-01
834000	1.8105600000e-01
835000	1.8031799000e-01
836000	1.8074815000e-01
837000	1.8124687000e-01
838000	1.8214694001e-01
839000	1.8167725001e-01
840000	1.8170970000e-01
841000	1.8186810000e-01
842000	1.8235418000e-01
843000	1.8243233999e-01
844000	1.8303652000e-01
845000	1.8349736000e-01
846000	1.8350077000e-01
847000	1.8356572000e-01
848000	1.8411203000e-01
849000	1.8435731000e-01
850000	1.8474123000e-01
851000	1.8478309000e-01
852000	1.8460288000e-01
853000	1.8471753000e-01
854000	1.8557189000e-01
855000	1.8559870000e-01
856000	1.8612761000e-01
857000	1.8644998001e-01
858000	1.8642979000e-01
859000	1.8701652000e-01
860000	1.8707493999e-01
861000	1.8706094000e-01
862000	1.8727643001e-01
863000	1.8702567000e-01
864000	1.8802441999e-01
865000	1.8847572001e-01
866000	1.8830007000e-01
867000	1.8801056000e-01
868000	1.8936726000e-01
869000	1.8905117000e-01
870000	1.8874482001e-01
871000	1.8941737000e-01
872000	1.8930890000e-01
873000	1.8938610000e-01
874000	1.9008851999e-01
875000	1.9036119999e-01
876000	1.9022177001e-01
877000	1.9114405000e-01
878000	1.9172330001e-01
879000	1.9107644001e-01
880000	1.9150622000e-01
881000	1.9230214000e-01
882000	1.9296638001e-01
883000	1.9260909000e-01
884000	1.9252970000e-01
885000	1.9307936000e-01
886000	1.9266059000e-01
887000	1.9311816000e-01
888000	1.9330795000e-01
889000	1.9400375001e-01
890000	1.9517327000e-01
891000	1.9462372000e-01
892000	1.9569206999e-01
893000	1.9592601000e-01
894000	1.9546210000e-01
895000	1.9579368999e-01
896000	1.9652245999e-01
897000	1.9568668000e-01
898000	1.9653372000e-01
899000	1.9628367000e-01
900000	1.9714654000e-01
901000	1.9674223000e-01
902000	1.9724479000e-01
903000	1.9771636000e-01
904000	1.9794764000e-01
905000	1.9878129000e-01
906000	1.9841705000e-01
907000	1.9891005000e-01
908000	1.9869905000e-01
909000	1.9931461000e-01
910000	1.9968413000e-01
911000	1.9974055000e-01
912000	1.9936573000e-01
913000	1.9995996000e-01
914000	2.0014654000e-01
915000	2.0030657000e-01
916000	2.0087028000e-01
917000	2.0084387000e-01
918000	2.0105344001e-01
919000	2.0177682000e-01
920000	2.0196598000e-01
921000	2.0212304000e-01
922000	2.0220288000e-01
923000	2.0234639001e-01
924000	2.0295565000e-01
925000	2.0282149000e-01
926000	2.0278329000e-01
927000	2.0343560000e-01
928000	2.0342496000e-01
929000	2.0355776000e-01
930000	2.0433248000e-01
931000	2.0468943999e-01
932000	2.0462502000e-01
933000	2.0452536999e-01
934000	2.0490178999e-01
935000	2.0584552000e-01
936000	2.0506683000e-01
937000	2.0619560000e-01
938000	2.0648094000e-01
939000	2.0680970000e-01
940000	2.0622234001e-01
941000	2.0633241000e-01
942000	2.0657541000e-01
943000	2.0799008000e-01
944000	2.0756222000e-01
945000	2.0783441000e-01
946000	2.0772152000e-01
947000	2.0869671000e-01
948000	2.0842331000e-01
949000	2.0917987000e-01
950000	2.0882388000e-01
951000	2.0973103000e-01
952000	2.0901013000e-01
953000	2.0941504000e-01
954000	2.0971310000e-01
955000	2.1036304001e-01
956000	2.1007262000e-01
957000	2.1022038001e-01
958000	2.1076284000e-01
959000	2.1053879000e-01
960000	2.1188095000e-01
961000	2.1164621000e-01
962000	2.1171795000e-01
963000	2.1250725001e-01
964000	2.1219532000e-01
965000	2.1336911000e-01
966000	2.1301291000e-01
967000	2.1300659000e-01
968000	2.1339921000e-01
969000	2.1411927000e-01
970000	2.1330633000e-01
971000	2.1430264000e-01
972000	2.1391817000e-01
973000	2.1447519999e-01
974000	2.1523113000e-01
975000	2.1465056000e-01
976000	2.1529539001e-01
977000	2.1562157000e-01
978000	2.1517913000e-01
979000	2.1608248000e-01
980000	2.1639027000e-01
981000	2.1585248001e-01
982000	2.1695973000e-01
983000	2.1674629000e-01
984000	2.1761322000e-01
985000	2.1686856000e-01
986000	2.1964626000e-01
987000	2.1810524999e-01
988000	2.1827083999e-01
989000	2.1845241000e-01
990000	2.1956290000e-01
991000	2.1880006000e-01
992000	2.1933237000e-01
993000	2.1926407000e-01
994000	2.1986129000e-01
995000	2.1988266000e-01
996000	2.2000713000e-01
997000	2.2067003000e-01
998000	2.2149241000e-01
999000	2.2122016000e-01
1000000	2.2132527000e-01
